62.8086  42.1836  68.3242  133.594  125.074  145.406  152.215  160.898  165.465  174.453  174.527  173.668  177.105  173.852  158.984  165.922  150.586  141.402  128.512  107.887  90.3789  55.1875  58.2812  29.5039  
53.3555  34.4492  79.0156  131.668  111.945  118.551  109.941  141.102  148.664  166.719  170.23  171.949  175.387  172.133  163.281  157.387  137.949  125.77  99.9883  86.3867  86.043  67.2188  76.3281  39.8164  
31.8711  57.5547  51.6875  129.73  76.7188  97.0273  100.488  69.832  97.9805  91.2188  151.445  167.812  167.652  158.188  126.801  69.8789  51.5391  55.1133  60.5898  50.2773  75.875  68.6914  63.4375  38.0977  
40.3906  61.7188  42.4688  122.461  110.262  121.398  140.625  110.219  85.4297  84.5195  124.641  158.113  161.035  138.75  75.875  69.1992  132.809  137.75  104.949  75.2148  73.9727  50.8672  34.6602  31.2578  
48.125  34.2188  41.6094  129.297  124.215  135.887  120.539  124.684  116.816  107.395  125.625  155.766  157.598  110.156  114.492  100.023  140.348  101.324  109.098  105.676  93.3594  73.2109  28.6445  24.9727  
45.5859  52.4609  52.5859  133.387  132.527  103.098  64.5508  75.6914  108.176  97.125  134.453  162.73  165.074  109.605  128.055  130.66  75.4688  75.4531  51.9805  104.449  106.684  81.6328  29.293  25.7578  
42.1484  44.7266  69.0156  135.219  144.672  129.738  116.422  110.227  108.531  125.844  155.078  158.434  165.934  114.762  118.762  107.633  126.539  111.867  102.59  117.707  117.059  84.2734  34.4492  22.3203  
39.2031  50.8906  67.0234  135.902  148.734  151.629  136.98  143.777  134.988  133.332  145.504  154.098  162.754  114.629  150.445  133.258  149.168  135.223  115.375  133.633  117.918  95.8633  33.4922  37.1758  
49.1484  65.7852  77.3359  131.605  151.312  162.719  163.5  159.816  161.004  166.578  146.363  154.098  157.598  115.375  141.785  165.914  159.949  147.957  149.496  143.578  114.48  87.2695  41.2266  38.7227  
41.0938  52.8203  67.8086  128.594  152.098  167.848  174.844  172.719  174.438  165.809  151.52  155.816  158.211  113.512  144.707  165.809  168.68  164.164  156.43  146.168  112.578  69.5273  27.7461  24.3711  
39.375  32.9023  24.9727  119.141  147.801  166.129  178.281  177.875  180.453  170.105  148.082  152.379  158.211  110.934  130.957  163.23  168.461  170.18  157.289  145.309  99.6875  62.6523  21.7305  20.5508  
42.3945  32.9414  27.8203  106.52  141.992  163.551  173.984  178.906  178.906  167.863  140.078  152.133  157.352  110.27  114.516  159.867  165.023  164.473  155.02  139.219  105.223  59.4609  26.0273  40.4023  
44.1133  51.8477  25.1172  94.7695  132.5  160.113  172.289  176.328  177.188  165.285  135.781  156.43  158.211  119.723  99.9062  156.43  160.727  161.035  150.723  131.484  93.8281  57.0781  29.4648  17.2734  
64.4922  76.5234  22.5898  96.7227  124.754  153.238  165.332  173.066  171.348  154.293  149.555  168.461  171.234  122.914  118.738  141.219  159.316  159.316  146.426  123.27  81.918  64.8359  20.207  27.4258  
32.1172  56.1797  25.168  96.4375  110.266  146.094  159.316  167.91  167.051  155.152  128.289  154.07  156.625  110.008  119.598  135.203  156.738  153.301  140.41  117.254  76.75  65.4492  20.207  22.2695  
36.9531  31.7969  23.4375  49.8945  118.551  137.684  153.043  159.832  164.375  160.727  136.035  140.414  100.996  113.703  110.242  138.617  155.781  149.766  132.539  108.746  78.5039  57.8984  32.0312  22.2695  
24.0391  29.1953  38.8828  35.2852  110.816  128.855  145.309  158.113  155.781  157.289  141.902  138.449  146.273  123.242  125.648  142.914  148.906  146.328  124.805  87.9219  72.4883  29.5391  24.2969  19.6914  
25.9531  31.1094  68.7617  31.0039  113.641  130.121  141.98  154.125  139.375  134.609  126.246  115.098  143.816  109.207  97.8438  122.875  135.23  143.578  113.559  92.6875  66.1797  17.8867  18.832  18.832  
23.375  24.2344  46.6523  30.2891  103.117  124.484  129.371  141.156  112.66  131.898  138.344  157.273  147.234  142.812  117.953  117.684  109.406  128.23  104.988  91.3594  68.1914  17.3086  22.2695  20.5508  
21.8516  27.8672  25.9531  40.6992  94.9141  117.078  133.48  138.543  121.43  134.203  119.59  125.395  130.969  111.203  112.703  113.371  119.574  127.406  101.438  78.1602  59.25  19.6914  21.4102  22.5156  
22.7109  25.2891  25.9531  27.0078  38.5  113.738  118.012  148.66  150.648  123.258  123.145  125.969  132.598  116.27  108.438  115.281  138.617  131.457  93.7031  79.3008  35.5547  18.832  21.4102  18.2188  
20.1328  26.1484  27.0078  26.1484  27.5  96.2578  125.809  142.176  144.707  146.926  129.938  145.465  135.977  133.594  128.324  133.473  131.742  117.254  91.125  70.8281  59.6055  20.1328  19.2734  21.8516  
22.7109  27.8672  27.0078  26.1484  21.4844  117.609  125.746  139.168  142.926  144.398  140.223  128.188  127.277  128.383  136.785  135.191  127.383  106.719  79.8789  54.5  52.5742  20.1328  20.9922  19.2734  
21.8516  27.0078  27.8672  25.2891  20.9453  136.148  93.9727  115.422  133.422  144.609  147.223  135.191  120.664  137.879  140.543  134.32  108.746  95.0039  64.3711  81.6836  54.5898  20.7344  20.9922  19.2734  
