62.8086  104.992  173.316  306.91  431.984  577.391  729.605  890.504  1055.97  1230.42  1404.95  1578.62  1755.72  1929.57  2088.56  2254.48  2405.07  2546.47  2674.98  2782.87  2873.25  2928.43  2986.71  3016.22  
116.164  192.797  340.137  605.398  842.418  1106.38  1368.53  1670.53  1984.66  2325.83  2670.59  3016.21  3368.7  3714.68  4036.95  4360.26  4648.79  4915.96  5144.46  5338.74  5515.16  5637.57  5772.18  5841.5  
148.035  282.223  481.25  876.242  1189.98  1550.96  1913.61  2285.44  2697.55  3129.94  3626.14  4139.57  4659.72  5163.89  5612.96  6006.14  6346.22  6668.5  6957.59  7202.14  7454.44  7645.54  7843.59  7951  
188.426  384.332  625.828  1143.28  1567.28  2049.66  2552.93  3034.98  3532.52  4049.43  4670.28  5341.82  6023  6665.92  7190.86  7653.25  8126.13  8586.17  8980.21  9299.97  9626.24  9868.21  10100.9  10239.6  
236.551  466.676  749.781  1396.53  1944.75  2563.02  3186.82  3793.56  4407.91  5032.22  5778.69  6606  7444.77  8197.85  8837.29  9399.7  10012.9  10574.3  11077.4  11502.9  11922.5  12237.7  12499  12662.7  
282.137  564.723  900.414  1680.55  2361.29  3082.66  3771.02  4453.45  5175.98  5897.41  6778.33  7768.37  8772.22  9634.9  10402.4  11095.5  11784.2  12421  12976.1  13506  14032.3  14429.1  14719.7  14909.2  
324.285  651.598  1056.3  1971.66  2797.07  3648.18  4452.96  5245.61  6076.68  6923.95  7959.95  9108.42  10278.2  11255.7  12141.9  12942.6  13757.8  14506.5  15164.2  15811.8  16455.2  16936.3  17261.4  17473.1  
363.488  741.691  1213.42  2264.68  3238.83  4241.56  5183.32  6119.75  7085.8  8066.41  9247.91  10550.5  11883  12975.1  14011.8  14945.8  15910.2  16794.1  17567.1  18348.4  19109.7  19686.6  20045.2  20294.1  
412.637  856.625  1405.69  2588.55  3714.02  4879.47  5984.73  7080.98  8208.03  9355.21  10683.1  12139.8  13629.9  14837.3  16015.8  17115.7  18240  19271.9  20194.5  21119.3  21995.1  22659.3  23059.1  23346.7  
453.73  950.539  1567.41  2878.87  4156.43  5489.73  6769.84  8038.8  9340.29  10653.3  12132.7  13745.2  15393.5  16714.5  18037.7  19303.3  20596.4  21792.4  22871.4  23942.4  24930.7  25664.5  26092  26404  
493.105  1022.82  1664.66  3095.26  4520.62  6020.05  7478.44  8925.28  10407.2  11890.3  13517.8  15282.7  17089.2  18521.1  19975.2  21404.2  22865.7  24231.9  25468.2  26684.4  27772.5  28568.9  29018.2  29350.7  
535.5  1098.15  1767.82  3304.94  4872.29  6535.27  8167.64  9793.39  11454.2  13105.2  14872.7  16789.7  18753.7  20295.8  21864.5  23453.3  25079.8  26610.5  28001.8  29357.3  30550.5  31406.4  31881.7  32254.7  
579.613  1194.11  1888.9  3520.79  5220.64  7043.73  8848.39  10650.5  12488.5  14304.8  16208.1  18281.5  20403.6  22065.5  23734.1  25479.3  27266.5  28958.2  30500.3  31987.3  33274.4  34187.3  34692.1  35082.3  
644.105  1335.13  2052.5  3781.11  5605.72  7582.05  9552.04  11527.2  13536.6  15507.1  17560  19801.9  22095.2  23880  25667.3  27553.8  29500.3  31351.4  33039.8  34650.1  36019.1  36996.9  37521.8  37939.5  
676.223  1423.43  2165.97  3991.02  5925.89  8048.31  10177.6  12320.7  14497.1  16622.8  18804  21199.9  23649.9  25544.7  27451.6  29473.3  31576.6  33580.9  35409.8  37137.3  38583  39626.2  40171.4  40611.4  
713.176  1492.18  2258.16  4133.1  6186.52  8446.63  10729  13031.9  15372.7  17659.1  19976.3  22512.7  25063.6  27072.2  29089.3  31249.6  33508.6  35662.7  37624.1  39460.4  40984.7  42085.8  42663  43125.2  
737.215  1545.41  2350.27  4260.5  6424.74  8813.7  11241.4  13702.4  16199  18642.7  21101.8  23776.6  26473.8  28605.6  30748.4  33051.6  35459.5  37760  39846.2  41770.4  43367.1  44497.8  45099.3  45581.2  
763.168  1602.47  2476.1  4417.33  6695.21  9214.29  11783.9  14399.1  17035  19613.3  22198.7  24988.6  27829.7  30070.6  32311.3  34737.3  37280.5  39724.5  41924.3  43941.2  45604.1  46752.6  47373  47873.7  
786.543  1650.08  2570.36  4541.88  6922.88  9566.45  12265.5  15021.7  17770.4  20480.6  23204.3  26151.5  29139.8  31523.5  33882.1  36425.9  39078.5  41650.7  43955.5  46063.7  47794.8  48960.7  49603.3  50124.6  
808.395  1699.8  2646.03  4658.25  7134.16  9894.81  12727.3  15622.1  18492.2  21336.6  24179.9  27252.5  30371.7  32866.7  35338  37995.1  40767.3  43466.9  45873.1  48059.5  49849.9  51035.4  51699.5  52243.3  
831.105  1747.8  2719.98  4759.21  7273.62  10148  13098.5  16142  19162.7  22130.4  25096.8  28295.4  31547.2  34158.5  36738.2  39510.6  42421.4  45252.5  47752.4  50018.1  51844  53048.4  53733.8  54295.8  
851.238  1794.08  2793.27  4858.65  7400.56  10371.2  13447.5  16633.2  19798.6  22913.2  26009.6  29353.6  32741.4  35486.3  38194.3  41100.2  44142.7  47091.1  49682.1  52018.6  53904.1  55128.7  55833.4  56417.2  
873.949  1844.66  2870.86  4962.38  7525.78  10614  13816.1  17140.9  20449.3  23708.3  26944.8  30417.1  33932.2  36805.4  39650.2  42691.3  45861.2  48916.3  51587.2  53978.2  55916.3  57161  57886.7  58489.8  
895.801  1893.52  2947.59  5064.4  7648.74  10873.1  14169.2  17609.4  21051.2  24454.8  27838.6  31446  35081.8  38092.9  41078.3  44253.6  47532.3  50682.4  53417.7  55890.4  57883.1  59148.4  59895.1  60517.5  
